,glucose,age
0,67.12432237079871,1.0
1,67.47560534875316,2.0
2,67.82688832670763,3.0
3,68.17817130466209,4.0
4,68.52945428261656,5.0
5,68.88073726057102,6.0
6,69.23202023852548,7.0
7,69.58330321647995,8.0
8,69.93458619443442,9.0
9,70.28586917238887,10.0
10,70.63715215034334,11.0
11,70.9884351282978,12.0
12,71.33971810625226,13.0
13,71.69100108420673,14.0
14,72.04228406216119,15.0
15,72.39356704011566,16.0
16,72.74485001807011,17.0
17,73.09613299602458,18.0
18,73.44741597397905,19.0
19,73.7986989519335,20.0
20,74.14998192988797,21.0
21,74.50126490784243,22.0
22,74.8525478857969,23.0
23,75.20383086375136,24.0
24,75.55511384170582,25.0
25,75.90639681966029,26.0
26,76.25767979761474,27.0
27,76.60896277556921,28.0
28,76.96024575352368,29.0
29,77.31152873147813,30.0
30,77.6628117094326,31.0
31,78.01409468738707,32.0
32,78.36537766534153,33.0
33,78.716660643296,34.0
34,79.06794362125046,35.0
35,79.41922659920492,36.0
36,79.77050957715939,37.0
37,80.12179255511384,38.0
38,80.47307553306831,39.0
39,80.82435851102278,40.0
40,81.17564148897723,41.0
41,81.5269244669317,42.0
42,81.87820744488616,43.0
43,82.22949042284063,44.0
44,82.5807734007951,45.0
45,82.93205637874955,46.0
46,83.28333935670402,47.0
47,83.63462233465847,48.0
48,83.98590531261294,49.0
49,84.33718829056741,50.0
50,84.68847126852187,51.0
51,85.03975424647633,52.0
52,85.39103722443079,53.0
53,85.74232020238526,54.0
54,86.09360318033973,55.0
55,86.44488615829418,56.0
56,86.79616913624865,57.0
57,87.1474521142031,58.0
58,87.49873509215757,59.0
59,87.85001807011204,60.0
60,88.20130104806651,61.0
61,88.55258402602097,62.0
62,88.90386700397544,63.0
63,89.25514998192989,64.0
64,89.60643295988436,65.0
65,89.95771593783883,66.0
66,90.30899891579328,67.0
67,90.66028189374775,68.0
68,91.0115648717022,69.0
69,91.36284784965667,70.0
70,91.71413082761114,71.0
71,92.0654138055656,72.0
72,92.41669678352007,73.0
73,92.76797976147452,74.0
74,93.11926273942899,75.0
75,93.47054571738346,76.0
76,93.82182869533791,77.0
77,94.17311167329238,78.0
78,94.52439465124684,79.0
79,94.8756776292013,80.0
80,95.22696060715577,81.0
81,95.57824358511023,82.0
82,95.9295265630647,83.0
83,96.28080954101915,84.0
84,96.63209251897362,85.0
85,96.98337549692809,86.0
86,97.33465847488254,87.0
87,97.68594145283701,88.0
88,98.03722443079147,89.0
89,98.38850740874594,90.0
90,98.7397903867004,91.0
91,99.09107336465487,92.0
92,99.44235634260933,93.0
93,99.79363932056378,94.0
94,100.14492229851825,95.0
95,100.49620527647272,96.0
96,100.84748825442719,97.0
97,101.19877123238165,98.0
98,101.5500542103361,99.0
99,101.90133718829057,100.0
